 KPAR,ICOL,MAT,KB,IBODY,NB
         1           1           1  1963756757           1        5000
         1           1           1  1963756757           1        5000
         1           3           1  1963756757           1        5000
         1           1           1  1963756757           1        5000
         1           7           1  1963756757           1        5000
         1           1           1  1963756757           1        5000
         1           2           1  1963756757           1        5000
         1           1           1  1963756757           1        5000
         1           2           1  1963756757           1        5000
         1           1           1  1963756757           1        5000
         1           3           1  1963756757           1        5000
         1           1           1  1963756757           1        5000
         1           3           1  1963756757           1        5000
         1           1           1  1963756757           1        5000
         1           7           1  1963756757           1        5000
         1           1           1  1963756757           1        5000
         1           2           1  1963756757           1        5000
         1           1           1  1963756757           1        5000
         1           2           1  1963756757           1        5000
         1           1           1  1963756757           1        5000
         1           2           1  1963756757           1        5000
         1           1           1  1963756757           1        5000
         1           2           1  1963756757           1        5000
         1           1           1  1963756757           1        5000
         1           7           1  1963756757           1        5000
         1           1           1  1963756757           1        5000
         1           3           1  1963756757           1        5000
         1           1           1  1963756757           1        5000
         1           2           1  1963756757           1        5000
         1           1           1  1963756757           1        5000
         1           2           1  1963756757           1        5000
         1           1           1  1963756757           1        5000
         1           7           1  1963756757           1        5000
         1           1           1  1963756757           1        5000
         1           2           1  1963756757           1        5000
         1           1           1  1963756757           1        5000
         1           2           1  1963756757           1        5000
         1           1           1  1963756757           1        5000
         1           2           1  1963756757           1        5000
         1           1           1  1963756757           1        5000
         1           3           1  1963756757           1        5000
         1           1           1  1963756757           1        5000
         1           7           1  1963756757           1        5000
         1           1           1  1963756757           1        5000
         1           1           1  1963756757           1        5000
         1           2           1  1963756757           1        5000
         1           1           1  1963756757           1        5000
         1           2           1  1963756757           1        5000
         1           1           1  1963756757           1        5000
         1           2           1  1963756757           1        5000
         1           1           1  1963756757           1        5000
         1           2           1  1963756757           1        5000
         1           1           1  1963756757           1        5000
         1           2           1  1963756757           1        5000
         1           1           1  1963756757           1        5000
         1           2           1  1963756757           1        5000
         1           1           1  1963756757           1        5000
         1           2           1  1963756757           1        5000
         1           1           1  1963756757           1        5000
         2           4           1  1963756757           1        5000
         1           3           1  1963756757           1        5000
         1           1           1  1963756757           1        5000
         1           2           1  1963756757           1        5000
         1           1           1  1963756757           1        5000
         1           2           1  1963756757           1        5000
         1           1           1  1963756757           1        5000
         1           2           1  1963756757           1        5000
         1           1           1  1963756757           1        5000
         1           2           1  1963756757           1        5000
         1           1           1  1963756757           1        5000
         1           2           1  1963756757           1        5000
         1           1           1  1963756757           1        5000
         1           2           1  1963756757           1        5000
         1           1           1  1963756757           1        5000
         1           1           1  1963756757           1        5000
         1           7           1  1963756757           1        5000
         1           1           1  1963756757           1        5000
         1           7           1  1963756757           1        5000
         1           1           1  1963756757           1        5000
         1           2           1  1963756757           1        5000
         1           1           1  1963756757           1        5000
         1           7           1  1963756757           1        5000
         1           1           1  1963756757           1        5000
         1           2           1  1963756757           1        5000
         1           1           1  1963756757           1        5000
         1           2           1  1963756757           1        5000
         1           1           1  1963756757           1        5000
         1           2           1  1963756757           1        5000
         1           1           1  1963756757           1        5000
         1           1           1  1963756757           1        5000
         1           1           1  1963756757           1        5000
         1           1           1  1963756757           1        5000
         1           7           1  1963756757           1        5000
         1           1           1  1963756757           1        5000
         1           3           1  1963756757           1        5000
         1           1           1  1963756757           1        5000
         1           2           1  1963756757           1        5000
         1           1           1  1963756757           1        5000
         1           2           1  1963756757           1        5000
         1           1           1  1963756757           1        5000
         1           2           1  1963756757           1        5000
         1           1           1  1963756757           1        5000
         1           7           1  1963756757           1        5000
         1           1           1  1963756757           1        5000
         1           7           1  1963756757           1        5000
         1           1           1  1963756757           1        5000
         1           7           1  1963756757           1        5000
         1           1           1  1963756757           1        5000
         1           2           1  1963756757           1        5000
         1           1           1  1963756757           1        5000
         1           7           1  1963756757           1        5000
         1           1           1  1963756757           1        5000
         1           7           1  1963756757           1        5000
         1           1           1  1963756757           1        5000
         1           2           1  1963756757           1        5000
         1           1           1  1963756757           1        5000
         1           2           1  1963756757           1        5000
         1           1           1  1963756757           1        5000
         1           2           1  1963756757           1        5000
         1           1           1  1963756757           1        5000
         1           2           1  1963756757           1        5000
         1           1           1  1963756757           1        5000
         1           2           1  1963756757           1        5000
         1           1           1  1963756757           1        5000
         1           2           1  1963756757           1        5000
         1           1           1  1963756757           1        5000
         1           3           1  1963756757           1        5000
         1           1           1  1963756757           1        5000
         1           7           1  1963756757           1        5000
         1           1           1  1963756757           1        5000
         1           7           1  1963756757           1        5000
         1           1           1  1963756757           1        5000
         1           7           1  1963756757           1        5000
         1           1           1  1963756757           1        5000
         1           2           1  1963756757           1        5000
         1           1           1  1963756757           1        5000
         2           4           1  1963756757           1        5000
         1           3           1  1963756757           1        5000
         1           1           1  1963756757           1        5000
         1           7           1  1963756757           1        5000
         1           1           1  1963756757           1        5000
         1           7           1  1963756757           1        5000
         1           1           1  1963756757           1        5000
         1           7           1  1963756757           1        5000
         1           1           1  1963756757           1        5000
         1           2           1  1963756757           1        5000
         1           1           1  1963756757           1        5000
         1           2           1  1963756757           1        5000
         1           1           1  1963756757           1        5000
         1           2           1  1963756757           1        5000
         1           1           1  1963756757           1        5000
         1           7           1  1963756757           1        5000
         1           1           1  1963756757           1        5000
         1           2           1  1963756757           1        5000
         1           1           1  1963756757           1        5000
         1           7           1  1963756757           1        5000
         1           1           1  1963756757           1        5000
         1           2           1  1963756757           1        5000
         1           1           1  1963756757           1        5000
         1           7           1  1963756757           1        5000
         1           1           1  1963756757           1        5000
         1           7           1  1963756757           1        5000
         1           1           1  1963756757           1        5000
         1           7           1  1963756757           1        5000
         1           1           1  1963756757           1        5000
         1           2           1  1963756757           1        5000
         1           1           1  1963756757           1        5000
         1           2           1  1963756757           1        5000
         1           1           1  1963756757           1        5000
         1           7           1  1963756757           1        5000
         1           1           1  1963756757           1        5000
         1           7           1  1963756757           1        5000
         1           1           1  1963756757           1        5000
         1           7           1  1963756757           1        5000
         1           1           1  1963756757           1        5000
         1           7           1  1963756757           1        5000
         1           1           1  1963756757           1        5000
         1           2           1  1963756757           1        5000
         1           1           1  1963756757           1        5000
         1           1           1  1963756757           1        5000
         1           7           1  1963756757           1        5000
         1           1           1  1963756757           1        5000
         1           3           1  1963756757           1        5000
         1           1           1  1963756757           1        5000
         1           2           1  1963756757           1        5000
         1           1           1  1963756757           1        5000
         1           7           1  1963756757           1        5000
         1           1           1  1963756757           1        5000
         1           2           1  1963756757           1        5000
         1           1           1  1963756757           1        5000
         1           4           1  1963756757           1        5000
         1           1           1  1963756757           1        5000
         1           2           1  1963756757           1        5000
         1           1           1  1963756757           1        5000
         1           2           1  1963756757           1        5000
         1           1           1  1963756757           1        5000
         1           3           1  1963756757           1        5000
         1           1           1  1963756757           1        5000
         1           2           1  1963756757           1        5000
         1           1           1  1963756757           1        5000
         1           2           1  1963756757           1        5000
         1           1           1  1963756757           1        5000
         1           7           1  1963756757           1        5000
         1           1           1  1963756757           1        5000
         1           2           1  1963756757           1        5000
         1           1           1  1963756757           1        5000
         1           2           1  1963756757           1        5000
         1           1           1  1963756757           1        5000
         1           2           1  1963756757           1        5000
         1           1           1  1963756757           1        5000
         1           7           1  1963756757           1        5000
         1           1           1  1963756757           1        5000
         1           7           1  1963756757           1        5000
         1           1           1  1963756757           1        5000
         1           7           1  1963756757           1        5000
         1           1           1  1963756757           1        5000
         1           2           1  1963756757           1        5000
         1           1           1  1963756757           1        5000
         1           2           1  1963756757           1        5000
         1           1           1  1963756757           1        5000
         1           2           1  1963756757           1        5000
         1           1           1  1963756757           1        5000
         1           2           1  1963756757           1        5000
         1           1           1  1963756757           1        5000
         1           2           1  1963756757           1        5000
         1           1           1  1963756757           1        5000
         1           7           1  1963756757           1        5000
         1           1           1  1963756757           1        5000
         1           7           1  1963756757           1        5000
         1           1           1  1963756757           1        5000
         1           2           1  1963756757           1        5000
         1           1           1  1963756757           1        5000
         1           7           1  1963756757           1        5000
         1           1           1  1963756757           1        5000
         1           7           1  1963756757           1        5000
         1           1           1  1963756757           1        5000
         1           7           1  1963756757           1        5000
         1           1           1  1963756757           1        5000
         1           2           1  1963756757           1        5000
         1           1           1  1963756757           1        5000
         1           2           1  1963756757           1        5000
         1           1           1  1963756757           1        5000
         1           2           1  1963756757           1        5000
         1           1           1  1963756757           1        5000
         1           7           1  1963756757           1        5000
         1           1           1  1963756757           1        5000
         1           7           1  1963756757           1        5000
         1           1           1  1963756757           1        5000
         1           2           1  1963756757           1        5000
         1           1           1  1963756757           1        5000
         1           7           1  1963756757           1        5000
         1           1           1  1963756757           1        5000
         1           2           1  1963756757           1        5000
         1           1           1  1963756757           1        5000
         1           7           1  1963756757           1        5000
         1           1           1  1963756757           1        5000
         1           3           1  1963756757           1        5000
         1           1           1  1963756757           1        5000
         1           7           1  1963756757           1        5000
         1           1           1  1963756757           1        5000
         1           2           1  1963756757           1        5000
         1           1           1  1963756757           1        5000
         1           2           1  1963756757           1        5000
         1           1           1  1963756757           1        5000
         1           7           1  1963756757           1        5000
         1           1           1  1963756757           1        5000
         1           7           1  1963756757           1        5000
         1           1           1  1963756757           1        5000
         1           7           1  1963756757           1        5000
         1           1           1  1963756757           1        5000
         1           7           1  1963756757           1        5000
         1           1           1  1963756757           1        5000
         1           2           1  1963756757           1        5000
         1           1           1  1963756757           1        5000
         1           2           1  1963756757           1        5000
         1           1           1  1963756757           1        5000
         1           2           1  1963756757           1        5000
         1           1           1  1963756757           1        5000
         1           2           1  1963756757           1        5000
         1           1           1  1963756757           1        5000
         1           1           1  1963756757           1        5000
         1           7           1  1963756757           1        5000
         1           1           1  1963756757           1        5000
         1           7           1  1963756757           1        5000
         1           1           1  1963756757           1        5000
         1           7           1  1963756757           1        5000
         1           1           1  1963756757           1        5000
         1           1           1  1963756757           1        5000
         1           2           1  1963756757           1        5000
         2           1           1  1963756757           1        5000
         1           3           1  1963756757           1        5000
         1           1           1  1963756757           1        5000
         1           2           1  1963756757           1        5000
         1           1           1  1963756757           1        5000
         1           7           1  1963756757           1        5000
         1           1           1  1963756757           1        5000
         1           2           1  1963756757           1        5000
         1           1           1  1963756757           1        5000
         1           7           1  1963756757           1        5000
         1           1           1  1963756757           1        5000
         1           2           1  1963756757           1        5000
         1           1           1  1963756757           1        5000
         1           7           1  1963756757           1        5000
         1           1           1  1963756757           1        5000
         1           7           1  1963756757           1        5000
         1           1           1  1963756757           1        5000
         1           7           1  1963756757           1        5000
         1           1           1  1963756757           1        5000
         1           7           1  1963756757           1        5000
         1           1           1  1963756757           1        5000
         1           2           1  1963756757           1        5000
         1           1           1  1963756757           1        5000
